0 1 1 径河站
1 1 2 三店站
2 1 3 码头潭公园站
3 1 4 东吴大道站
4 1 5 五环大道站
5 1 6 额头湾站
6 1 7 竹叶海站
7 1 8 舵落口站
8 1 9 古田一路站
9 1 10 古田二路站
10 1 11 古田三路站
11 1 12 古田四路站
12 1 13 汉西一路站
13 1 14 宗关站
14 1 15 太平洋站
15 1 16 硚口路站
16 1 17 崇仁路站
17 1 18 利济北路站
18 1 19 友谊路站
19 1 20 循礼门站
20 1 21 大智路站
21 1 22 三阳路站
22 1 23 黄浦路站
23 1 24 头道街站
24 1 25 二七路站
25 1 26 徐州新村站
26 1 27 丹水池站
27 1 28 新荣站
28 1 29 堤角站
29 1 30 滕子岗站
30 1 31 滠口新城站
31 1 32 汉口北站
32 2 1 天河机场站
33 2 2 航空总部站
34 2 3 宋家岗站
35 2 4 巨龙大道站
36 2 5 盘龙城站
37 2 6 宏图大道站
38 2 7 常青城站
39 2 8 金银潭站
40 2 9 常青花园站
41 2 10 长港路站
42 2 11 汉口火车站
43 2 12 范湖站
44 2 13 王家墩东站
45 2 14 青年路站
46 2 15 中山公园站
19 2 16 循礼门站
47 2 17 江汉路站
48 2 18 积玉桥站
49 2 19 螃蟹岬站
50 2 20 小龟山站
51 2 21 洪山广场站
52 2 22 中南路站
53 2 23 宝通寺站
54 2 24 街道口站
55 2 25 广埠屯站
56 2 26 虎泉站
57 2 27 杨家湾站
58 2 28 光谷广场站
59 2 29 珞雄路站
60 2 30 华中科技大学站
61 2 31 光谷大道站
62 2 32 佳园路站
63 2 33 光谷火车站
64 2 34 黄龙山路站
65 2 35 金融港北站
66 2 36 秀湖站
67 2 37 藏龙东街站
68 2 38 佛祖岭站
37 3 1 宏图大道站
69 3 2 市民之家站
70 3 3 后湖大道站
71 3 4 兴业路站
72 3 5 二七小路站
73 3 6 罗家庄站
74 3 7 赵家条站
75 3 8 惠济二路站
76 3 9 香港路站
77 3 10 菱角湖站
43 3 11 范湖站
78 3 12 云飞路站
79 3 13 武汉商务区站
80 3 14 双墩站
13 3 15 宗关站
81 3 16 王家湾站
82 3 17 龙阳村站
83 3 18 陶家岭站
84 3 19 四新大道站
85 3 20 汉阳客运站
86 3 21 三角湖站
87 3 22 体育中心站
88 3 23 东风公司站
89 3 24 沌阳大道站
90 4 1 武汉火车站站
91 4 2 杨春湖站
92 4 3 工业四路站
93 4 4 仁和路站
94 4 5 园林路站
95 4 6 罗家港站
96 4 7 铁机路站
97 4 8 岳家嘴站
98 4 9 东亭站
99 4 10 青鱼嘴站
100 4 11 楚河汉街站
51 4 12 洪山广场站
52 4 13 中南路站
101 4 14 梅苑小区站
102 4 15 武昌火车站站
103 4 16 首义路站
104 4 17 复兴路站
105 4 18 拦江路站
106 4 19 钟家村站
107 4 20 汉阳火车站站
108 4 21 五里墩站
109 4 22 七里庙站
110 4 23 十里铺站
81 4 24 王家湾站
111 4 25 玉龙路站
112 4 26 永安堂站
113 4 27 孟家铺站
114 4 28 黄金口站
115 4 29 新天站
116 4 30 集贤站
117 4 31 知音站
118 4 32 新农站
119 4 33 凤凰路站
120 4 34 蔡甸广场站
121 4 35 临嶂大道站
122 4 36 新庙村站
123 4 37 柏林站
124 6 1 富民南路站
2 6 2 码头潭公园站
125 6 3 临空港大道站
126 6 4 二雅路站
127 6 5 金银湖停车场站
128 6 6 金银湖公园站
129 6 7 金银湖站
130 6 8 园博园北站
131 6 9 轻工大学站
40 6 10 常青花园站
132 6 11 杨汊湖站
133 6 12 石桥站
134 6 13 唐家墩站
135 6 14 三眼桥站
76 6 15 香港路站
136 6 16 苗栗路站
20 6 17 大智路站
47 6 18 江汉路站
137 6 19 六渡桥站
138 6 20 汉正街站
139 6 21 武胜路站
140 6 22 琴台站
106 6 23 钟家村站
141 6 24 马鹦路站
142 6 25 建港站
143 6 26 前进村站
144 6 27 国博中心北站
145 6 28 国博中心南站
146 6 29 老关村站
147 6 30 江城大道站
148 6 31 车城东路站
88 6 32 东风公司站
149 7 1 黄陂广场站
150 7 2 百泰路站
151 7 3 北车基地站
152 7 4 余彭塆站
153 7 5 横店站
154 7 6 临空北路站
155 7 7 天阳路站
156 7 8 腾龙大道站
35 7 9 巨龙大道站
157 7 10 汤云海站
158 7 11 马池站
130 7 12 园博园北站
159 7 13 园博园站
160 7 14 常码头站
79 7 15 武汉商务区站
44 7 16 王家墩东站
161 7 17 取水楼站
76 7 18 香港路站
21 7 19 三阳路站
162 7 20 徐家棚站
163 7 21 湖北大学站
164 7 22 新河街站
49 7 23 螃蟹岬站
165 7 24 小东门站
102 7 25 武昌火车站站
166 7 26 瑞安街站
167 7 27 建安街站
168 7 28 湖工大站
169 7 29 板桥站
170 7 30 野芷湖站
171 7 31 新路村站
172 7 32 大花岭站
173 7 33 江夏客厅站
174 7 34 谭鑫培公园站
175 7 35 北华街站
176 7 36 纸坊大街站
177 7 37 青龙山地铁小镇站
178 8 1 金潭路站
37 8 2 宏图大道站
179 8 3 塔子湖站
180 8 4 中一路站
181 8 5 竹叶山站
74 8 6 赵家条站
22 8 7 黄浦路站
162 8 8 徐家棚站
182 8 9 徐东站
183 8 10 汪家墩站
97 8 11 岳家嘴站
184 8 12 梨园站
185 8 13 省博湖北日报站
186 8 14 中南医院站
187 8 15 水果湖站
188 8 16 洪山路站
189 8 17 小洪山站
54 8 18 街道口站
190 8 19 马房山站
191 8 20 文治街站
192 8 21 文昌路站
193 8 22 省农科院站
194 8 23 马湖站
170 8 24 野芷湖站
195 8 25 黄家湖地铁小镇站
196 8 26 军运村
